name: deepvoxels
channels:
  - pytorch
  - conda-forge
  - defaults
dependencies:
  - gnutls=3.5.19=h2a4e5f8_1
  - libgfortran=3.0.0=1
  - nettle=3.3=0
  - openh264=1.7.0=0
  - x264=1!152.20180717=h470a237_1
  - backcall=0.1.0=py37_0
  - blas=1.0=mkl
  - bleach=3.0.2=py37_0
  - bzip2=1.0.6=h14c3975_5
  - ca-certificates=2018.03.07=0
  - cairo=1.14.12=h8948797_3
  - certifi=2018.11.29=py37_0
  - cffi=1.11.5=py37he75722e_1
  - cloudpickle=0.6.1=py37_0
  - cycler=0.10.0=py37_0
  - dask-core=1.0.0=py37_0
  - dbus=1.13.2=h714fa37_1
  - decorator=4.3.0=py37_0
  - entrypoints=0.2.3=py37_2
  - expat=2.2.6=he6710b0_0
  - ffmpeg=4.0=hcdf2ecd_0
  - fontconfig=2.13.0=h9420a91_0
  - freeglut=3.0.0=hf484d3e_5
  - freetype=2.9.1=h8a8886c_1
  - glib=2.56.2=hd408876_0
  - gmp=6.1.2=h6c8ec71_1
  - graphite2=1.3.12=h23475e2_2
  - gst-plugins-base=1.14.0=hbbd80ab_1
  - gstreamer=1.14.0=hb453b48_1
  - harfbuzz=1.8.8=hffaf4a1_0
  - hdf5=1.10.2=hba1933b_1
  - icu=58.2=h9c2bf20_1
  - imageio=2.4.1=py37_0
  - intel-openmp=2019.1=144
  - ipykernel=5.1.0=py37h39e3cac_0
  - ipython=7.2.0=py37h39e3cac_0
  - ipython_genutils=0.2.0=py37_0
  - ipywidgets=7.4.2=py37_0
  - jasper=2.0.14=h07fcdf6_1
  - jedi=0.13.2=py37_0
  - jinja2=2.10=py37_0
  - jpeg=9b=h024ee3a_2
  - jsonschema=2.6.0=py37_0
  - jupyter=1.0.0=py37_7
  - jupyter_client=5.2.4=py37_0
  - jupyter_console=6.0.0=py37_0
  - jupyter_core=4.4.0=py37_0
  - kiwisolver=1.0.1=py37hf484d3e_0
  - libedit=3.1.20170329=h6b74fdf_2
  - libffi=3.2.1=hd88cf55_4
  - libgcc-ng=8.2.0=hdf63c60_1
  - libgfortran-ng=7.3.0=hdf63c60_0
  - libglu=9.0.0=hf484d3e_1
  - libiconv=1.15=h63c8f33_5
  - libopencv=3.4.2=hb342d67_1
  - libopus=1.3=h7b6447c_0
  - libpng=1.6.35=hbc83047_0
  - libsodium=1.0.16=h1bed415_0
  - libstdcxx-ng=8.2.0=hdf63c60_1
  - libtiff=4.0.9=he85c1e1_2
  - libuuid=1.0.3=h1bed415_2
  - libvpx=1.7.0=h439df22_0
  - libxcb=1.13=h1bed415_1
  - libxml2=2.9.8=h26e45fe_1
  - markupsafe=1.1.0=py37h7b6447c_0
  - matplotlib=3.0.2=py37h5429711_0
  - mistune=0.8.4=py37h7b6447c_0
  - mkl=2019.1=144
  - mkl_fft=1.0.6=py37hd81dba3_0
  - mkl_random=1.0.2=py37hd81dba3_0
  - nbconvert=5.3.1=py37_0
  - nbformat=4.4.0=py37_0
  - ncurses=6.1=he6710b0_1
  - networkx=2.2=py37_1
  - ninja=1.8.2=py37h6bb024c_1
  - notebook=5.7.4=py37_0
  - numpy=1.15.4=py37h7e9f1db_0
  - olefile=0.46=py37_0
  - opencv=3.4.2=py37h6fd60c2_1
  - openssl=1.1.1a=h7b6447c_0
  - pandoc=2.2.3.2=0
  - pandocfilters=1.4.2=py37_1
  - parso=0.3.1=py37_0
  - pcre=8.42=h439df22_0
  - pexpect=4.6.0=py37_0
  - pickleshare=0.7.5=py37_0
  - pillow=5.3.0=py37h34e0f95_0
  - pip=18.1=py37_0
  - pixman=0.34.0=hceecf20_3
  - prometheus_client=0.5.0=py37_0
  - prompt_toolkit=2.0.7=py37_0
  - ptyprocess=0.6.0=py37_0
  - py-opencv=3.4.2=py37hb342d67_1
  - pycparser=2.19=py37_0
  - pygments=2.3.1=py37_0
  - pyparsing=2.3.0=py37_0
  - pyqt=5.9.2=py37h05f1152_2
  - python=3.7.2=h0371630_0
  - python-dateutil=2.7.5=py37_0
  - pytz=2018.7=py37_0
  - pywavelets=1.0.1=py37hdd07704_0
  - pyzmq=17.1.2=py37h14c3975_0
  - qt=5.9.7=h5867ecd_1
  - qtconsole=4.4.3=py37_0
  - readline=7.0=h7b6447c_5
  - scikit-image=0.14.0=py37hf484d3e_1
  - send2trash=1.5.0=py37_0
  - setuptools=40.6.3=py37_0
  - simplegeneric=0.8.1=py37_2
  - sip=4.19.8=py37hf484d3e_0
  - six=1.12.0=py37_0
  - sqlite=3.26.0=h7b6447c_0
  - terminado=0.8.1=py37_1
  - testpath=0.4.2=py37_0
  - tk=8.6.8=hbc83047_0
  - toolz=0.9.0=py37_0
  - tornado=5.1.1=py37h7b6447c_0
  - traitlets=4.3.2=py37_0
  - wcwidth=0.1.7=py37_0
  - webencodings=0.5.1=py37_1
  - wheel=0.32.3=py37_0
  - widgetsnbextension=3.4.2=py37_0
  - xz=5.2.4=h14c3975_4
  - zeromq=4.2.5=hf484d3e_1
  - zlib=1.2.11=h7b6447c_3
  - pytorch=1.0.0=py3.7_cuda9.0.176_cudnn7.4.1_1
  - torchvision=0.2.1=py_2
  - pip:
    - dask==1.0.0
    - plyfile==0.6
    - protobuf==3.6.1
    - tensorboardx==1.5
    - torch==1.0.0
prefix: /home/sitzmann/miniconda3/envs/deepvoxels

